13995650
52643135
78343449
51441587
95494714
38894518
99348541
76926427
21161912
23936849
88656622
55889505
23779871
49478747
90729696
42513902
70821022
99163870
17211293
97321884
77697503
61250772
45660537
46773645
60079587
20577228
64040455
86461803
61485420
48987951
46769827
46137371
43617156
60281356
27499317
68570568
24705781
45040088
80865853
10309437
59478085
67559622
47660041
85632960
71958458
10374953
24109321
32304654
11434919
62092327
88268417
96883479
50575982
20191408
22453885
30722315
52800800
12123810
68091542
35898664
95221255
65718635
57594579
74323196
48336099
36509389
49805077
22354975
79516992
50217525
39771011
46084312
77972715
48539008
41034150
60285575
51658320
98739639
40045874
10273032
77754651
84965489
71215601
59114087
81068924
38290071
83636204
73816729
42649582
83646650
57044324
49564292
76124516
33662421
87343657
87213104
44076953
64949586
80982930
72586627
676587